{
  "advancedEditorSelectedIdentifier" : "ProjectBrowser",
  "openSceneRelativePaths" : [
    "Scene.usda"
  ],
  "recentIdentifiers" : {
    "8A947B3E-6061-4750-9889-AE0FA104D6B4" : [

    ],
    "E26D78DD-05D3-4E68-908F-8EFD327D8C85" : [

    ]
  },
  "sceneCameraHistory" : {
    "8A947B3E-6061-4750-9889-AE0FA104D6B4" : [
      {
        "date" : 754005008.730617,
        "title" : "Untitled",
        "transform" : [
          -0.40882432,
          -1.4709791e-08,
          0.91261315,
          0,
          0.4416396,
          0.8751075,
          0.19784175,
          0,
          -0.79863465,
          0.48392847,
          -0.35776523,
          0,
          -0.454203,
          0.34117022,
          -0.18968494,
          1
        ]
      },
      {
        "date" : 754003220.647252,
        "title" : "Untitled",
        "transform" : [
          -0.40882432,
          -1.4709791e-08,
          0.91261315,
          0,
          0.4416396,
          0.8751075,
          0.19784175,
          0,
          -0.79863465,
          0.48392847,
          -0.35776523,
          0,
          -0.74522877,
          2.097845,
          -0.64198947,
          1
        ]
      },
      {
        "date" : 754003210.51485,
        "title" : "Untitled",
        "transform" : [
          -0.40882432,
          -1.4709791e-08,
          0.91261315,
          0,
          0.4416396,
          0.8751075,
          0.19784175,
          0,
          -0.79863465,
          0.48392847,
          -0.35776523,
          0,
          -1.2599474,
          1.7131567,
          -0.013335466,
          1
        ]
      },
      {
        "date" : 754003205.878715,
        "title" : "Untitled",
        "transform" : [
          -0.40882432,
          -1.4709791e-08,
          0.91261315,
          0,
          0.4416396,
          0.8751075,
          0.19784175,
          0,
          -0.79863465,
          0.48392847,
          -0.35776523,
          0,
          -1.1673598,
          1.5702171,
          -0.41336316,
          1
        ]
      },
      {
        "date" : 754003188.545182,
        "title" : "Untitled",
        "transform" : [
          -0.4659079,
          8.114029e-09,
          -0.8848333,
          0,
          -0.87296015,
          0.1632683,
          0.45965618,
          0,
          0.14446528,
          0.9865817,
          -0.076068066,
          0,
          1.7482882,
          3.2994916,
          -0.7117816,
          1
        ]
      },
      {
        "date" : 754003181.81141,
        "title" : "Untitled",
        "transform" : [
          0.98592114,
          -4.5060964e-09,
          0.16721095,
          0,
          0.021005394,
          0.9920781,
          -0.12385356,
          0,
          -0.16588634,
          0.12562215,
          0.97811085,
          0,
          0.16536328,
          0.10461515,
          2.8875923,
          1
        ]
      },
      {
        "date" : 754003172.828222,
        "title" : "Untitled",
        "transform" : [
          0.98592114,
          -4.5060964e-09,
          0.16721095,
          0,
          0.021005394,
          0.9920781,
          -0.12385356,
          0,
          -0.16588634,
          0.12562215,
          0.97811085,
          0,
          -0.72255206,
          2.0753503,
          6.9123664,
          1
        ]
      },
      {
        "date" : 754003170.293899,
        "title" : "Untitled",
        "transform" : [
          0.9476751,
          -3.5315662e-09,
          0.3192364,
          0,
          0.13204423,
          0.91044724,
          -0.39198235,
          0,
          -0.29064792,
          0.4136252,
          0.8628082,
          0,
          -1.4986423,
          4.0352163,
          5.8378997,
          1
        ]
      },
      {
        "date" : 754003136.90866,
        "title" : "Untitled",
        "transform" : [
          0.9155607,
          -3.4355807e-09,
          -0.4021798,
          0,
          -0.19853091,
          0.86966795,
          -0.45195484,
          0,
          0.34976286,
          0.4936372,
          0.79623383,
          0,
          2.6681004,
          4.5582023,
          4.9713182,
          1
        ]
      },
      {
        "date" : 754003134.676632,
        "title" : "Untitled",
        "transform" : [
          0.9155607,
          1.9189065e-08,
          -0.40217975,
          0,
          -0.21275343,
          0.8486213,
          -0.48433244,
          0,
          0.34129834,
          0.5290009,
          0.7769643,
          0,
          1.5126238,
          2.8957229,
          2.0366783,
          1
        ]
      }
    ],
    "E26D78DD-05D3-4E68-908F-8EFD327D8C85" : [
      {
        "date" : 753996464.158367,
        "title" : "Untitled",
        "transform" : [
          1,
          0,
          0,
          0,
          0,
          1,
          0,
          0,
          0,
          0,
          1,
          0,
          -0.0015314404,
          0.02873071,
          0.09985748,
          1
        ]
      },
      {
        "date" : 753996457.456802,
        "title" : "Untitled",
        "transform" : [
          1,
          0,
          0,
          0,
          0,
          1,
          0,
          0,
          0,
          0,
          1,
          0,
          -0.06500002,
          0.8050008,
          2.9950106,
          1
        ]
      },
      {
        "date" : 753996455.409077,
        "title" : "Untitled",
        "transform" : [
          1,
          0,
          0,
          0,
          0,
          1,
          0,
          0,
          0,
          0,
          1,
          0,
          -0.06500002,
          0.8050008,
          2.9950106,
          1
        ]
      },
      {
        "date" : 753996453.206946,
        "title" : "Untitled",
        "transform" : [
          1,
          0,
          0,
          0,
          0,
          1,
          0,
          0,
          0,
          0,
          1,
          0,
          -0.06500002,
          0.8050008,
          2.9950106,
          1
        ]
      },
      {
        "date" : 753996449.417991,
        "title" : "Untitled",
        "transform" : [
          1,
          0,
          0,
          0,
          0,
          1,
          0,
          0,
          0,
          0,
          1,
          0,
          0,
          1.6,
          2.9950106,
          1
        ]
      },
      {
        "date" : 753996443.909351,
        "title" : "Untitled",
        "transform" : [
          1,
          0,
          0,
          0,
          0,
          1,
          0,
          0,
          0,
          0,
          1,
          0,
          0,
          1.6,
          2.9950106,
          1
        ]
      },
      {
        "date" : 753996441.674498,
        "title" : "Untitled",
        "transform" : [
          1,
          0,
          0,
          0,
          0,
          1,
          0,
          0,
          0,
          0,
          1,
          0,
          0,
          1.6,
          2.9950106,
          1
        ]
      },
      {
        "date" : 753996436.87359,
        "title" : "Untitled",
        "transform" : [
          1,
          0,
          0,
          0,
          0,
          1,
          0,
          0,
          0,
          0,
          1,
          0,
          0,
          1.6,
          2.9950106,
          1
        ]
      },
      {
        "date" : 753996432.208502,
        "title" : "Untitled",
        "transform" : [
          1,
          0,
          0,
          0,
          0,
          1,
          0,
          0,
          0,
          0,
          1,
          0,
          0,
          1.6,
          2.6450102,
          1
        ]
      },
      {
        "date" : 753996425.411562,
        "title" : "Untitled",
        "transform" : [
          1,
          0,
          0,
          0,
          0,
          1,
          0,
          0,
          0,
          0,
          1,
          0,
          0,
          1.6,
          2,
          1
        ]
      }
    ]
  },
  "sceneViewportBackgroundColors" : {

  },
  "selectedSceneRelativePath" : "Scene.usda"
}